LM0= 0.500000
LM1= 0.500000
UnknownWordPenalty0 UNTUNEABLE
WordPenalty0= -1.000000
PhrasePenalty0= 0.200000
TranslationModel0= 0.200000 0.200000 0.200000 0.200000
