LM0= 0.153307
LM1= 0.0498831
WordPenalty0= -0.05117
PhrasePenalty0= 0.0400117
TranslationModel0= 0.184663
TranslationModel0= -0.0388787
TranslationModel0= 0.467234
TranslationModel0= 0.0148523
