LM0= 0.154386
LM1= 0.0502342
WordPenalty0= -0.0730547
PhrasePenalty0= 0.0402934
TranslationModel0= 0.185962
TranslationModel0= -0.032203
TranslationModel0= 0.448909
TranslationModel0= 0.0149569
