LM0= 0.13348
LM1= 0.0514716
WordPenalty0= -0.0527994
PhrasePenalty0= 0.034151
TranslationModel0= 0.190544
TranslationModel0= -0.0401168
TranslationModel0= 0.482112
TranslationModel0= 0.0153253
