LM0= 0.157782
LM1= 0.0513392
WordPenalty0= -0.0526637
PhrasePenalty0= 0.0411797
TranslationModel0= 0.190053
TranslationModel0= -0.0329114
TranslationModel0= 0.458784
TranslationModel0= 0.0152859
