LM0= 0.132534
LM1= 0.051107
WordPenalty0= -0.0524254
PhrasePenalty0= 0.0409934
TranslationModel0= 0.189194
TranslationModel0= -0.0398326
TranslationModel0= 0.478697
TranslationModel0= 0.0152167
