LM0= 0.156557
LM1= 0.0501053
WordPenalty0= -0.0728672
PhrasePenalty0= 0.04019
TranslationModel0= 0.185485
TranslationModel0= -0.0321204
TranslationModel0= 0.447757
TranslationModel0= 0.0149185
