LM0= 0.163271
LM1= 0.0522541
WordPenalty0= -0.0759921
PhrasePenalty0= 0.0419135
TranslationModel0= 0.193439
TranslationModel0= -0.0334979
TranslationModel0= 0.424074
TranslationModel0= 0.0155583
