LM0= 0.161941
LM1= 0.0518284
WordPenalty0= -0.075373
PhrasePenalty0= 0.0497191
TranslationModel0= 0.191863
TranslationModel0= -0.033225
TranslationModel0= 0.420619
TranslationModel0= 0.0154315
