LM0= 0.144018
LM1= 0.0261406
WordPenalty0= 0.0519122
PhrasePenalty0= 0.103332
TranslationModel0= 0.28244
TranslationModel0= -0.0832461
TranslationModel0= 0.205448
TranslationModel0= 0.103463
