LM0= 0.16343
LM1= 0.0406626
WordPenalty0= 0.111037
PhrasePenalty0= 0.0217827
TranslationModel0= 0.161679
TranslationModel0= 0.186551
TranslationModel0= 0.199015
TranslationModel0= -0.115841
