LM0= 0.151589
LM1= 0.047892
WordPenalty0= 0.114363
PhrasePenalty0= -0.104984
TranslationModel0= 0.426151
TranslationModel0= 0.00805405
TranslationModel0= 0.112498
TranslationModel0= 0.0344686
