LM0= 0.191327
LM1= 0.045361
WordPenalty0= 0.0648176
PhrasePenalty0= 0.0514225
TranslationModel0= 0.231474
TranslationModel0= 0.0252745
TranslationModel0= 0.294635
TranslationModel0= -0.095688
