LM0= 0.165017
LM1= 0.041688
WordPenalty0= 0.0187547
PhrasePenalty0= 0.0346156
TranslationModel0= 0.257751
TranslationModel0= 0.0741136
TranslationModel0= 0.328652
TranslationModel0= -0.079409
