LM0= 0.157492
LM1= 0.0237486
WordPenalty0= 0.0221022
PhrasePenalty0= -0.0146389
TranslationModel0= 0.0100494
TranslationModel0= -0.0518261
TranslationModel0= 0.700344
TranslationModel0= 0.0197984
