LM0= 0.131601
LM1= 0.0507472
WordPenalty0= 0.0168678
PhrasePenalty0= 0.023778
TranslationModel0= 0.187862
TranslationModel0= -0.0395522
TranslationModel0= 0.534482
TranslationModel0= 0.0151096
