LM0= 0.130312
LM1= 0.0502501
WordPenalty0= 0.0167026
PhrasePenalty0= 0.0333405
TranslationModel0= 0.186022
TranslationModel0= -0.0391648
TranslationModel0= 0.529247
TranslationModel0= 0.0149616
